1108939 Q0 4744533 3
1108939 Q0 4069373 3
1108939 Q0 7454708 2
1108939 Q0 3652655 2
1108939 Q0 5553585 2
1108939 Q0 841975 2
1108939 Q0 130390 2
1108939 Q0 2846462 2
1108939 Q0 6273537 2
1108939 Q0 7724054 2
1112389 Q0 4337251 3
1112389 Q0 8138765 3
1112389 Q0 5892677 3
1112389 Q0 4931198 3
1112389 Q0 8138768 2
1112389 Q0 5892681 2
1112389 Q0 7817890 2
1112389 Q0 4337253 2
1112389 Q0 8138763 2
1112389 Q0 8138769 1
792752 Q0 8803599 3
792752 Q0 8803603 2
792752 Q0 8803602 1
792752 Q0 3058085 0
792752 Q0 2737045 0
792752 Q0 1147809 0
792752 Q0 1147811 0
792752 Q0 6809641 0
792752 Q0 1606419 0
792752 Q0 1338568 0
1119729 Q0 2787566 3
1119729 Q0 2787567 3
1119729 Q0 945780 2
1119729 Q0 2787570 2
1119729 Q0 6188699 2
1119729 Q0 6800871 2
1119729 Q0 6800870 2
1119729 Q0 623144 2
1119729 Q0 2868520 1
1119729 Q0 7653915 1
1105095 Q0 8208163 3
1105095 Q0 8208159 2
1105095 Q0 3598029 2
1105095 Q0 8208160 2
1105095 Q0 8208165 1
1105095 Q0 3598038 1
1105095 Q0 4121226 1
1105095 Q0 4774560 1
1105095 Q0 5107567 1
1105095 Q0 6847368 1
1105103 Q0 5957769 3
1105103 Q0 8343808 3
1105103 Q0 3483018 3
1105103 Q0 8343802 3
1105103 Q0 6064743 2
1105103 Q0 2213692 2
1105103 Q0 4322449 2
1105103 Q0 6674298 2
1105103 Q0 6674295 2
1105103 Q0 5577900 2
1128373 Q0 8656493 3
1128373 Q0 7630511 1
1128373 Q0 5814751 0
1128373 Q0 8656497 0
1128373 Q0 6702197 0
1128373 Q0 5281148 0
1128373 Q0 8656499 0
1128373 Q0 4215653 0
1128373 Q0 1016132 0
1128373 Q0 1016128 0
1127622 Q0 8719477 3
1127622 Q0 8719475 3
1127622 Q0 1220769 2
1127622 Q0 2096814 2
1127622 Q0 2953604 1
1127622 Q0 7489808 1
1127622 Q0 6735154 1
1127622 Q0 3627605 1
1127622 Q0 244617 1
1127622 Q0 955245 1
1124979 Q0 1612110 3
1124979 Q0 8013919 3
1124979 Q0 8011232 3
1124979 Q0 484411 2
1124979 Q0 6135587 2
1124979 Q0 8011231 1
1124979 Q0 8013918 1
1124979 Q0 8013923 1
1124979 Q0 8011235 1
1124979 Q0 6760207 1
885490 Q0 4407503 3
885490 Q0 8821100 3
885490 Q0 5383142 2
885490 Q0 3401433 2
885490 Q0 2157777 2
885490 Q0 2927840 2
885490 Q0 7884561 1
885490 Q0 7281792 1
885490 Q0 2205266 1
885490 Q0 3913497 1
1119827 Q0 8067974 3
1119827 Q0 8067976 3
1119827 Q0 5604317 2
1119827 Q0 5604318 2
1119827 Q0 8067978 1
1119827 Q0 5604315 1
1119827 Q0 5604324 1
1119827 Q0 8067975 1
1119827 Q0 5604322 1
1119827 Q0 5604323 1
190044 Q0 4060155 3
190044 Q0 7048218 2
190044 Q0 1353074 1
190044 Q0 736258 1
190044 Q0 2074834 1
190044 Q0 7354421 1
190044 Q0 1353072 1
190044 Q0 2600279 1
190044 Q0 7575350 1
190044 Q0 411230 1
500575 Q0 8322763 3
500575 Q0 3798754 3
500575 Q0 8429779 2
500575 Q0 2131077 2
500575 Q0 3464289 2
500575 Q0 975939 1
500575 Q0 5680505 1
500575 Q0 8460306 1
500575 Q0 6442162 1
500575 Q0 8553400 1
883785 Q0 4650 3
883785 Q0 4643 3
883785 Q0 4645 3
883785 Q0 4644 3
883785 Q0 4648 2
883785 Q0 1366115 1
883785 Q0 4647 1
883785 Q0 2074251 1
883785 Q0 3723097 1
883785 Q0 258080 0
264403 Q0 6073642 3
264403 Q0 3706620 3
264403 Q0 1908222 3
264403 Q0 6073638 2
264403 Q0 3706613 2
264403 Q0 3706614 2
264403 Q0 8121445 1
264403 Q0 3738083 1
264403 Q0 4845723 1
264403 Q0 6499956 1
1108100 Q0 2055732 3
1108100 Q0 3652404 2
1108100 Q0 8366906 2
1108100 Q0 527814 1
1108100 Q0 6756486 1
1108100 Q0 385480 1
1108100 Q0 8726006 1
1108100 Q0 395937 1
1108100 Q0 8825444 1
1108100 Q0 1349383 1
421756 Q0 6361845 3
421756 Q0 7333485 3
421756 Q0 5792667 3
421756 Q0 8521645 2
421756 Q0 5792671 2
421756 Q0 6329795 2
421756 Q0 6100781 2
421756 Q0 994811 2
421756 Q0 5860569 2
421756 Q0 994810 2
1108307 Q0 8178550 3
1108307 Q0 8178548 2
1108307 Q0 536604 1
1108307 Q0 2469721 1
1108307 Q0 5830943 1
1108307 Q0 8178553 1
1108307 Q0 2895836 1
1108307 Q0 3647650 1
1108307 Q0 3950422 1
1108307 Q0 5323570 1
966413 Q0 5323852 3
966413 Q0 7051671 2
966413 Q0 7681668 2
966413 Q0 320945 2
966413 Q0 3793421 2
966413 Q0 2966217 1
966413 Q0 8029904 1
966413 Q0 363249 1
966413 Q0 6424655 1
966413 Q0 757122 1
1111546 Q0 8147315 3
1111546 Q0 8147311 3
1111546 Q0 8147313 2
1111546 Q0 4118433 2
1111546 Q0 1141032 2
1111546 Q0 8147312 2
1111546 Q0 1141031 2
1111546 Q0 152369 1
1111546 Q0 3622757 1
1111546 Q0 1141026 1
156493 Q0 3288600 3
156493 Q0 3288596 3
156493 Q0 8182166 2
156493 Q0 1960255 2
156493 Q0 2612492 2
156493 Q0 8393766 2
156493 Q0 6139386 2
156493 Q0 2411918 2
156493 Q0 3288598 2
156493 Q0 1960260 1
1124145 Q0 526365 3
1124145 Q0 7690416 3
1124145 Q0 5362403 2
1124145 Q0 8027397 2
1124145 Q0 554541 2
1124145 Q0 554544 2
1124145 Q0 3591683 2
1124145 Q0 526364 1
1124145 Q0 526363 1
1124145 Q0 8305192 1
1110199 Q0 8160520 3
1110199 Q0 398442 2
1110199 Q0 554521 2
1110199 Q0 3838645 2
1110199 Q0 4511137 1
1110199 Q0 5218014 1
1110199 Q0 2796830 1
1110199 Q0 557605 1
1110199 Q0 5846443 1
1110199 Q0 167604 1
1056204 Q0 1996042 3
1056204 Q0 6486837 3
1056204 Q0 8722738 2
1056204 Q0 6693226 2
1056204 Q0 8676395 2
1056204 Q0 8722740 2
1056204 Q0 4620531 2
1056204 Q0 5973568 1
1056204 Q0 5086588 1
1056204 Q0 5234797 1
199143 Q0 5056755 3
199143 Q0 8311590 2
199143 Q0 8311587 1
199143 Q0 8311589 1
199143 Q0 5056759 1
199143 Q0 2639428 1
199143 Q0 8311588 1
199143 Q0 6046857 1
199143 Q0 8311584 0
199143 Q0 7122645 0
835929 Q0 5087018 3
835929 Q0 4711715 3
835929 Q0 8793581 2
835929 Q0 7145418 2
835929 Q0 555654 2
835929 Q0 3205505 2
835929 Q0 2952556 2
835929 Q0 7210707 2
835929 Q0 7062129 2
835929 Q0 7145416 2
1063750 Q0 6436703 3
1063750 Q0 2997653 2
1063750 Q0 4164404 2
1063750 Q0 2868845 1
1063750 Q0 7778351 1
1063750 Q0 4788295 1
1063750 Q0 7412324 1
1063750 Q0 4788299 1
1063750 Q0 6093904 1
1063750 Q0 8378776 1
1104031 Q0 8217771 3
1104031 Q0 6243964 3
1104031 Q0 6243959 3
1104031 Q0 4793445 3
1104031 Q0 4083091 2
1104031 Q0 4718120 2
1104031 Q0 298431 2
1104031 Q0 5662894 2
1104031 Q0 374446 2
1104031 Q0 618181 2
398483 Q0 7151973 3
398483 Q0 7151978 3
398483 Q0 8416582 2
398483 Q0 1075457 2
398483 Q0 8416583 2
398483 Q0 7204004 2
398483 Q0 7705909 2
398483 Q0 440729 2
398483 Q0 7180935 2
398483 Q0 1133483 2
432930 Q0 8410596 3
432930 Q0 8410602 2
432930 Q0 8410594 2
432930 Q0 8410598 2
432930 Q0 8410597 1
432930 Q0 2544740 1
432930 Q0 2155962 1
432930 Q0 1490007 1
432930 Q0 7546502 1
432930 Q0 3889512 0
478605 Q0 8404583 3
478605 Q0 3736269 3
478605 Q0 8755204 3
478605 Q0 8404578 3
478605 Q0 8623491 3
478605 Q0 8755202 3
478605 Q0 8623486 2
478605 Q0 908951 2
478605 Q0 8404582 2
478605 Q0 8755198 2
1044797 Q0 3235003 3
1044797 Q0 1795106 3
1044797 Q0 1795108 3
1044797 Q0 4111252 3
1044797 Q0 5148739 2
1044797 Q0 8679694 2
1044797 Q0 7357592 2
1044797 Q0 1795101 2
1044797 Q0 4727401 2
1044797 Q0 2118256 2
1124464 Q0 8024101 3
1124464 Q0 3796062 3
1124464 Q0 3796061 3
1124464 Q0 8024110 3
1124464 Q0 1593566 2
1124464 Q0 8024106 2
1124464 Q0 8024103 2
1124464 Q0 8024105 1
1124464 Q0 5157556 1
1124464 Q0 4141773 1
1107988 Q0 5783056 3
1107988 Q0 7126837 3
1107988 Q0 3121786 2
1107988 Q0 8163280 2
1107988 Q0 4316094 2
1107988 Q0 4349541 2
1107988 Q0 5552997 2
1107988 Q0 3703330 2
1107988 Q0 1639218 2
1107988 Q0 7126834 2
130510 Q0 1494936 3
130510 Q0 7125239 3
130510 Q0 996732 3
130510 Q0 7501563 3
130510 Q0 799647 3
130510 Q0 1494935 2
130510 Q0 8612906 2
130510 Q0 996740 2
130510 Q0 1494930 2
130510 Q0 1110766 2
1127893 Q0 8698945 3
1127893 Q0 8698940 3
1127893 Q0 8698946 2
1127893 Q0 8698938 1
1127893 Q0 8698941 1
1127893 Q0 6788279 1
1127893 Q0 6788282 1
1127893 Q0 8698942 1
1127893 Q0 6788280 0
1127893 Q0 6788275 0
1135377 Q0 8053974 3
1135377 Q0 8053973 2
1135377 Q0 8053977 1
1135377 Q0 8053978 1
1135377 Q0 24581 0
1135377 Q0 6888417 0
1135377 Q0 5674594 0
1135377 Q0 762503 0
1135377 Q0 7445171 0
1135377 Q0 4451167 0
1126206 Q0 2382878 3
1126206 Q0 2100767 3
1126206 Q0 1242144 3
1126206 Q0 7657597 2
1126206 Q0 8131521 2
1126206 Q0 1619333 2
1126206 Q0 2382881 2
1126206 Q0 7617219 2
1126206 Q0 1242141 2
1126206 Q0 8131527 2
645693 Q0 8078496 3
645693 Q0 8516620 3
645693 Q0 8516621 3
645693 Q0 3834194 2
645693 Q0 3112254 2
645693 Q0 8516618 1
645693 Q0 529208 1
645693 Q0 529206 1
645693 Q0 8516616 1
645693 Q0 6902944 0
1133328 Q0 5213266 3
1133328 Q0 7906344 3
1133328 Q0 933779 3
1133328 Q0 74709 2
1133328 Q0 3464418 2
1133328 Q0 4223449 2
1133328 Q0 2680668 2
1133328 Q0 2680673 2
1133328 Q0 8241735 2
1133328 Q0 7793495 2
646207 Q0 8669793 3
646207 Q0 7165654 2
646207 Q0 7636630 2
646207 Q0 1606974 2
646207 Q0 7157409 2
646207 Q0 8632019 2
646207 Q0 4643640 1
646207 Q0 7636635 1
646207 Q0 6600933 1
646207 Q0 3418496 1
1012021 Q0 3704757 3
1012021 Q0 6886232 3
1012021 Q0 4988173 2
1012021 Q0 6090598 2
1012021 Q0 3082308 2
1012021 Q0 3713223 2
1012021 Q0 8331682 2
1012021 Q0 8682468 2
1012021 Q0 8076095 2
1012021 Q0 1941265 2
489204 Q0 1479542 3
489204 Q0 1051498 3
489204 Q0 2163701 2
489204 Q0 5583224 2
489204 Q0 1310106 2
489204 Q0 1310107 2
489204 Q0 1310108 2
489204 Q0 1950269 2
489204 Q0 1310101 2
489204 Q0 973923 2
1119075 Q0 7133141 3
1119075 Q0 7133137 3
1119075 Q0 8075061 2
1119075 Q0 7105865 2
1119075 Q0 8165856 2
1119075 Q0 6670854 1
1119075 Q0 1379739 1
1119075 Q0 8075059 1
1119075 Q0 2067687 1
1119075 Q0 7133140 1
573724 Q0 5339620 3
573724 Q0 2417985 3
573724 Q0 394136 3
573724 Q0 394139 3
573724 Q0 7384325 2
573724 Q0 3365638 2
573724 Q0 7104826 2
573724 Q0 3365633 2
573724 Q0 4017883 2
573724 Q0 5047796 2
600573 Q0 6197299 3
600573 Q0 1048866 3
600573 Q0 2196128 2
600573 Q0 8516012 2
600573 Q0 4140572 2
600573 Q0 6716608 2
600573 Q0 5623755 2
600573 Q0 2718565 1
600573 Q0 1883936 1
600573 Q0 3172848 1
1120447 Q0 815123 3
1120447 Q0 8062202 3
1120447 Q0 8062204 2
1120447 Q0 815118 2
1120447 Q0 5664635 2
1120447 Q0 5664641 1
1120447 Q0 815122 1
1120447 Q0 8062206 1
1120447 Q0 8744940 1
1120447 Q0 815126 1
574575 Q0 1222553 3
574575 Q0 2032646 3
574575 Q0 8430162 3
574575 Q0 2032642 3
574575 Q0 1222554 3
574575 Q0 6161786 3
574575 Q0 7935743 2
574575 Q0 1615722 2
574575 Q0 7740131 2
574575 Q0 590546 2
1055865 Q0 3753625 3
1055865 Q0 8654369 3
1055865 Q0 8654373 3
1055865 Q0 8654371 3
1055865 Q0 3318413 3
1055865 Q0 8654367 3
1055865 Q0 4219213 2
1055865 Q0 5217897 2
1055865 Q0 4219214 2
1055865 Q0 8654372 2
494835 Q0 6073325 3
494835 Q0 6073328 3
494835 Q0 2560334 3
494835 Q0 2816905 2
494835 Q0 6073327 2
494835 Q0 4223589 2
494835 Q0 8132241 2
494835 Q0 1213759 2
494835 Q0 1621582 2
494835 Q0 8479965 2
1126814 Q0 8783832 3
1126814 Q0 8783828 3
1126814 Q0 8783833 2
1126814 Q0 8783830 2
1126814 Q0 3174223 1
1126814 Q0 8783829 1
1126814 Q0 3174224 1
1126814 Q0 8783834 1
1126814 Q0 8783825 1
1126814 Q0 8783827 1
168216 Q0 1381477 3
168216 Q0 3830857 3
168216 Q0 3174840 3
168216 Q0 3344828 2
168216 Q0 1735360 2
168216 Q0 13499 2
168216 Q0 2265769 2
168216 Q0 3908777 2
168216 Q0 290826 2
168216 Q0 6061718 2
100983 Q0 1841071 3
100983 Q0 4902699 3
100983 Q0 1336317 3
100983 Q0 2242608 3
100983 Q0 7198157 3
100983 Q0 8326050 3
100983 Q0 5801466 3
100983 Q0 1183962 3
100983 Q0 6013124 3
100983 Q0 4005451 3
194013 Q0 73080 3
194013 Q0 73074 2
194013 Q0 8108372 2
194013 Q0 73076 2
194013 Q0 73078 1
194013 Q0 2529058 1
194013 Q0 73077 1
194013 Q0 2557801 0
194013 Q0 73079 0
194013 Q0 1044672 0
1119092 Q0 8074960 3
1119092 Q0 8074957 3
1119092 Q0 8097019 3
1119092 Q0 277150 2
1119092 Q0 770119 1
1119092 Q0 5092392 1
1119092 Q0 277153 1
1119092 Q0 8353481 1
1119092 Q0 7395112 1
1119092 Q0 8439267 1
1133167 Q0 5674622 3
1133167 Q0 8255705 3
1133167 Q0 8160230 3
1133167 Q0 190809 2
1133167 Q0 6467522 2
1133167 Q0 1883281 2
1133167 Q0 8160241 2
1133167 Q0 3953805 2
1133167 Q0 4443375 2
1133167 Q0 7093509 2
1133418 Q0 8235133 3
1133418 Q0 8235137 2
1133418 Q0 8235138 1
1133418 Q0 4268147 0
1133418 Q0 4268149 0
1133418 Q0 4352734 0
1133418 Q0 4352732 0
1133418 Q0 8235129 0
1133418 Q0 8235130 0
1133418 Q0 4489642 0
427578 Q0 4004813 3
427578 Q0 5342170 2
427578 Q0 7071443 2
427578 Q0 4004815 1
427578 Q0 4186402 1
427578 Q0 7885565 1
427578 Q0 1195746 1
427578 Q0 2240675 1
427578 Q0 2190824 1
427578 Q0 6577520 1
324211 Q0 1280978 3
324211 Q0 903747 3
324211 Q0 1046556 3
324211 Q0 7512300 2
324211 Q0 625217 2
324211 Q0 8522232 2
324211 Q0 3413992 2
324211 Q0 3054539 2
324211 Q0 5643278 2
324211 Q0 107587 2
11096 Q0 8296001 3
11096 Q0 8296006 2
11096 Q0 8606620 2
11096 Q0 8606621 2
11096 Q0 2689155 2
11096 Q0 8606624 2
11096 Q0 2689151 1
11096 Q0 8296002 1
11096 Q0 505455 1
11096 Q0 8208316 1
1134787 Q0 591459 3
1134787 Q0 1874717 2
1134787 Q0 2719925 2
1134787 Q0 8108984 1
1134787 Q0 7840223 1
1134787 Q0 2552621 1
1134787 Q0 4247591 1
1134787 Q0 4002969 1
1134787 Q0 927667 1
1134787 Q0 169000 1
89928 Q0 6703726 3
89928 Q0 587526 3
89928 Q0 4736793 2
89928 Q0 3560543 2
89928 Q0 454267 2
89928 Q0 3560540 2
89928 Q0 5468254 2
89928 Q0 1424367 2
89928 Q0 3019937 2
89928 Q0 8490798 2
499920 Q0 2806539 3
499920 Q0 2806546 3
499920 Q0 8462930 2
499920 Q0 8041769 2
499920 Q0 362805 2
499920 Q0 8462931 1
499920 Q0 3138627 1
499920 Q0 8462933 1
499920 Q0 800637 0
499920 Q0 362808 0
527433 Q0 8617271 3
527433 Q0 6186391 2
527433 Q0 1251475 2
527433 Q0 4903731 2
527433 Q0 2496224 2
527433 Q0 269423 2
527433 Q0 7514088 2
527433 Q0 269428 2
527433 Q0 1101462 1
527433 Q0 8306451 1
40578 Q0 1471242 3
40578 Q0 597901 3
40578 Q0 3808877 3
40578 Q0 965329 3
40578 Q0 1471240 2
40578 Q0 1249073 2
40578 Q0 2276243 2
40578 Q0 41814 2
40578 Q0 2627881 2
40578 Q0 2208667 2
694342 Q0 2103207 3
694342 Q0 7206969 2
694342 Q0 5348808 2
694342 Q0 6881291 1
694342 Q0 3504379 1
694342 Q0 6278601 1
694342 Q0 2103210 1
694342 Q0 6305089 1
694342 Q0 3567714 1
694342 Q0 7596907 1
1125225 Q0 98239 3
1125225 Q0 98235 3
1125225 Q0 98244 3
1125225 Q0 98237 3
1125225 Q0 3915090 2
1125225 Q0 98243 1
1125225 Q0 6192781 1
1125225 Q0 5401046 1
1125225 Q0 4791453 1
1125225 Q0 3101058 1
1136427 Q0 494310 3
1136427 Q0 4412131 3
1136427 Q0 2381167 3
1136427 Q0 4412129 2
1136427 Q0 494315 2
1136427 Q0 920543 2
1136427 Q0 5699481 2
1136427 Q0 5238430 2
1136427 Q0 7184390 2
1136427 Q0 2232611 2
1128856 Q0 8618712 3
1128856 Q0 8618711 1
1128856 Q0 8618713 1
1128856 Q0 8618715 1
1128856 Q0 8618708 1
1128856 Q0 8618710 1
1128856 Q0 8618714 1
1128856 Q0 8618709 0
1128856 Q0 8618706 0
1128856 Q0 8618707 0
719381 Q0 3923586 3
719381 Q0 5250974 3
719381 Q0 962230 3
719381 Q0 974059 3
719381 Q0 5321345 3
719381 Q0 7605011 2
719381 Q0 7605008 2
719381 Q0 1321061 2
719381 Q0 7605010 1
719381 Q0 6068509 1
53175 Q0 2426515 3
53175 Q0 8565375 3
53175 Q0 5925084 2
53175 Q0 8565376 2
53175 Q0 5925083 2
53175 Q0 479863 2
53175 Q0 1755117 2
53175 Q0 5925089 2
53175 Q0 479864 2
53175 Q0 7811556 2
131651 Q0 4386031 3
131651 Q0 4386032 3
131651 Q0 4386033 3
131651 Q0 8334290 2
131651 Q0 8137502 2
131651 Q0 2694725 2
131651 Q0 2694726 2
131651 Q0 6983085 2
131651 Q0 228040 2
131651 Q0 4599676 2
1037798 Q0 8760867 3
1037798 Q0 3641634 2
1037798 Q0 8760864 2
1037798 Q0 8760873 2
1037798 Q0 4788864 2
1037798 Q0 4291373 2
1037798 Q0 2157456 2
1037798 Q0 2787508 1
1037798 Q0 3620983 1
1037798 Q0 3030655 1
915593 Q0 82107 3
915593 Q0 6923052 3
915593 Q0 1772930 3
915593 Q0 3523599 2
915593 Q0 8178998 2
915593 Q0 1396707 2
915593 Q0 82113 2
915593 Q0 3538164 2
915593 Q0 7742098 2
915593 Q0 1396701 2
264014 Q0 4834547 3
264014 Q0 5611210 3
264014 Q0 96854 3
264014 Q0 6641238 3
264014 Q0 96852 2
264014 Q0 1610712 2
264014 Q0 6337909 2
264014 Q0 3666584 2
264014 Q0 1610714 2
264014 Q0 5386309 2
1121402 Q0 182373 3
1121402 Q0 182370 3
1121402 Q0 5189913 3
1121402 Q0 188213 3
1121402 Q0 8052624 2
1121402 Q0 8052622 2
1121402 Q0 182368 2
1121402 Q0 188217 2
1121402 Q0 188215 1
1121402 Q0 188218 1
962179 Q0 8689054 3
962179 Q0 4511501 3
962179 Q0 4511504 3
962179 Q0 5773189 3
962179 Q0 5653652 2
962179 Q0 4309122 2
962179 Q0 8689056 2
962179 Q0 5773184 2
962179 Q0 1006860 2
962179 Q0 3422321 2
1117099 Q0 7407593 3
1117099 Q0 8093931 2
1117099 Q0 1798612 2
1117099 Q0 4458512 2
1117099 Q0 2715359 2
1117099 Q0 6122720 2
1117099 Q0 1068642 2
1117099 Q0 6122723 2
1117099 Q0 334615 2
1117099 Q0 4458506 1
744366 Q0 8318774 3
744366 Q0 8597232 2
744366 Q0 8318772 2
744366 Q0 8318779 2
744366 Q0 1230894 1
744366 Q0 8318773 1
744366 Q0 8318776 1
744366 Q0 8597234 1
744366 Q0 760507 1
744366 Q0 2110903 1
277780 Q0 4840387 3
277780 Q0 4840386 2
277780 Q0 4840391 1
277780 Q0 4840389 1
277780 Q0 3730468 1
277780 Q0 8042974 1
277780 Q0 4840388 1
277780 Q0 5912313 1
277780 Q0 5507433 1
277780 Q0 803915 1
1114563 Q0 8118044 3
1114563 Q0 6867488 3
1114563 Q0 8118047 2
1114563 Q0 8118042 2
1114563 Q0 8118043 2
1114563 Q0 8118049 2
1114563 Q0 8118045 1
1114563 Q0 8118048 1
1114563 Q0 8118046 1
1114563 Q0 8118041 1
1014126 Q0 6028962 3
1014126 Q0 7939951 3
1014126 Q0 4380253 3
1014126 Q0 7652173 2
1014126 Q0 2968301 2
1014126 Q0 3340638 2
1014126 Q0 2197889 2
1014126 Q0 3804940 2
1014126 Q0 4896626 2
1014126 Q0 5404297 2
1117346 Q0 8091627 3
1117346 Q0 8091629 1
1117346 Q0 8091625 0
1117346 Q0 8091632 0
1117346 Q0 8091626 0
1117346 Q0 8091630 0
1117346 Q0 8091628 0
1117346 Q0 8091624 0
1117346 Q0 8517839 0
1117346 Q0 8091631 0
148538 Q0 7407803 3
148538 Q0 4185812 3
148538 Q0 5077707 3
148538 Q0 8283527 3
148538 Q0 985488 3
148538 Q0 4539657 2
148538 Q0 1950976 2
148538 Q0 1950974 2
148538 Q0 5305311 2
148538 Q0 1950979 2
451602 Q0 2176453 3
451602 Q0 2176450 3
451602 Q0 5179251 3
451602 Q0 2244882 2
451602 Q0 4345752 2
451602 Q0 5475308 1
451602 Q0 3177691 1
451602 Q0 1640289 1
451602 Q0 8540468 1
451602 Q0 2176455 1
474735 Q0 1740069 3
474735 Q0 3501855 3
474735 Q0 3501858 2
474735 Q0 1039490 2
474735 Q0 540118 2
474735 Q0 8443459 2
474735 Q0 625071 2
474735 Q0 1565529 2
474735 Q0 6959173 1
474735 Q0 1565526 1
359349 Q0 576629 3
359349 Q0 68653 3
359349 Q0 68649 3
359349 Q0 68647 3
359349 Q0 68648 2
359349 Q0 2293820 2
359349 Q0 943229 2
359349 Q0 2826510 2
359349 Q0 6108721 1
359349 Q0 3223833 1
903469 Q0 3046421 3
903469 Q0 7246056 3
903469 Q0 1393983 3
903469 Q0 1848720 3
903469 Q0 7407529 3
903469 Q0 8143178 3
903469 Q0 1343754 3
903469 Q0 6779602 3
903469 Q0 2921739 3
903469 Q0 6340623 3
1115776 Q0 8106324 3
1115776 Q0 8106323 1
1115776 Q0 4314171 1
1115776 Q0 8106318 1
1115776 Q0 8106321 1
1115776 Q0 600966 1
1115776 Q0 4314175 1
1115776 Q0 4314178 1
1115776 Q0 5605159 1
1115776 Q0 3081626 0
1104492 Q0 8213722 3
1104492 Q0 8213727 3
1104492 Q0 8213728 2
1104492 Q0 8213729 2
1104492 Q0 8012479 1
1104492 Q0 1591272 1
1104492 Q0 3569234 1
1104492 Q0 3786871 1
1104492 Q0 881736 1
1104492 Q0 5779598 1
315637 Q0 1704485 3
315637 Q0 7535951 3
315637 Q0 2965225 3
315637 Q0 7186984 3
315637 Q0 5758484 3
315637 Q0 1716588 3
315637 Q0 8602279 2
315637 Q0 4357019 2
315637 Q0 1716589 2
315637 Q0 26342 2
1112341 Q0 2096429 3
1112341 Q0 8139256 3
1112341 Q0 8139255 3
1112341 Q0 6740558 3
1112341 Q0 2096427 2
1112341 Q0 8139258 2
1112341 Q0 2735215 2
1112341 Q0 1675296 2
1112341 Q0 2596431 2
1112341 Q0 1288918 2
588587 Q0 8735858 3
588587 Q0 4450870 3
588587 Q0 3499746 3
588587 Q0 275294 2
588587 Q0 5493916 2
588587 Q0 646701 2
588587 Q0 8048227 2
588587 Q0 1907498 2
588587 Q0 1678642 2
588587 Q0 5498412 2
706080 Q0 3697340 3
706080 Q0 8207883 3
706080 Q0 8433710 2
706080 Q0 2112520 2
706080 Q0 1432129 2
706080 Q0 1873799 2
706080 Q0 7685226 2
706080 Q0 3697341 2
706080 Q0 2299129 2
706080 Q0 1432123 2
117831 Q0 3930689 3
117831 Q0 6319389 2
117831 Q0 5114039 1
117831 Q0 1004729 1
117831 Q0 6319384 1
117831 Q0 8194326 1
117831 Q0 7798354 1
117831 Q0 4603044 1
117831 Q0 6319387 1
117831 Q0 6319386 1
1120868 Q0 8057920 3
1120868 Q0 8057916 1
1120868 Q0 8057912 1
1120868 Q0 8057914 1
1120868 Q0 1852164 1
1120868 Q0 8147512 0
1120868 Q0 4200047 0
1120868 Q0 6859285 0
1120868 Q0 6859287 0
1120868 Q0 6859289 0
1111906 Q0 8143530 3
1111906 Q0 5275764 2
1111906 Q0 8143535 1
1111906 Q0 8143536 1
1111906 Q0 8143532 1
1111906 Q0 8143534 1
1111906 Q0 8143533 1
1111906 Q0 8143527 1
1111906 Q0 8143529 0
1111906 Q0 8143528 0
523270 Q0 8372979 3
523270 Q0 8372977 2
523270 Q0 8372982 2
523270 Q0 8372975 2
523270 Q0 2292971 2
523270 Q0 1119553 1
523270 Q0 2292976 1
523270 Q0 5765850 1
523270 Q0 4859930 1
523270 Q0 8372976 1
133358 Q0 1907695 3
133358 Q0 3372159 2
133358 Q0 3372158 2
133358 Q0 8104531 2
133358 Q0 2465303 2
133358 Q0 6881854 2
133358 Q0 928661 2
133358 Q0 6517115 2
133358 Q0 1193276 2
133358 Q0 6881855 2
67262 Q0 8326584 3
67262 Q0 8326580 2
67262 Q0 8326581 2
67262 Q0 8326585 1
67262 Q0 6973590 1
67262 Q0 6973593 1
67262 Q0 6973594 0
67262 Q0 8326582 0
67262 Q0 6973592 0
67262 Q0 8326587 0
1121166 Q0 3720789 3
1121166 Q0 1933184 2
1121166 Q0 8054920 2
1121166 Q0 8054922 2
1121166 Q0 8625228 2
1121166 Q0 3817584 2
1121166 Q0 4265479 1
1121166 Q0 6439529 1
1121166 Q0 1933182 1
1121166 Q0 3249448 1
805321 Q0 8694709 3
805321 Q0 8694706 2
805321 Q0 8694713 2
805321 Q0 8694712 1
805321 Q0 5504785 1
805321 Q0 8694707 1
805321 Q0 8694708 0
805321 Q0 5630654 0
805321 Q0 8257710 0
805321 Q0 4316218 0
1129828 Q0 8535892 3
1129828 Q0 8535899 1
1129828 Q0 8535894 1
1129828 Q0 2782053 1
1129828 Q0 5475224 1
1129828 Q0 8535901 1
1129828 Q0 7791249 1
1129828 Q0 6510350 1
1129828 Q0 8535898 1
1129828 Q0 4532860 1
131843 Q0 8305152 3
131843 Q0 985994 2
131843 Q0 8305153 1
131843 Q0 8305156 1
131843 Q0 3841396 1
131843 Q0 8710813 1
131843 Q0 985995 1
131843 Q0 8305158 1
131843 Q0 985988 0
131843 Q0 985991 0
104861 Q0 459676 3
104861 Q0 5703401 3
104861 Q0 5703400 3
104861 Q0 409268 2
104861 Q0 6351571 2
104861 Q0 8260035 2
104861 Q0 8495099 2
104861 Q0 459675 2
104861 Q0 8259116 2
104861 Q0 1304632 2
833860 Q0 115142 3
833860 Q0 1524406 3
833860 Q0 8683095 3
833860 Q0 6230226 2
833860 Q0 3437288 2
833860 Q0 1969741 2
833860 Q0 1524403 2
833860 Q0 1524402 2
833860 Q0 2829180 2
833860 Q0 2829181 2
207786 Q0 8273763 3
207786 Q0 8273755 3
207786 Q0 7941579 2
207786 Q0 8273754 2
207786 Q0 8273758 2
207786 Q0 2763917 1
207786 Q0 8273757 1
207786 Q0 2998723 1
207786 Q0 8185064 1
207786 Q0 6031630 1
691330 Q0 6757446 3
691330 Q0 807723 3
691330 Q0 8490462 3
691330 Q0 8490460 2
691330 Q0 1257015 2
691330 Q0 1257017 2
691330 Q0 807730 2
691330 Q0 8490463 2
691330 Q0 7626873 2
691330 Q0 6757443 2
1103528 Q0 2758782 3
1103528 Q0 2758788 3
1103528 Q0 2758787 2
1103528 Q0 8223067 2
1103528 Q0 2758779 2
1103528 Q0 2758780 1
1103528 Q0 8223069 1
1103528 Q0 8223065 1
1103528 Q0 8223071 1
1103528 Q0 8728323 1
1132213 Q0 1030078 3
1132213 Q0 1616866 2
1132213 Q0 7131650 1
1132213 Q0 7304815 1
1132213 Q0 8334480 1
1132213 Q0 1030077 1
1132213 Q0 6513388 1
1132213 Q0 2879508 1
1132213 Q0 7670188 1
1132213 Q0 6513392 1
335594 Q0 5704363 3
335594 Q0 3291970 3
335594 Q0 8457431 2
335594 Q0 4864091 2
335594 Q0 5109214 2
335594 Q0 6001032 2
335594 Q0 4125231 2
335594 Q0 7899635 2
335594 Q0 3319018 2
335594 Q0 4722772 2
1134138 Q0 8168202 3
1134138 Q0 7364561 2
1134138 Q0 5643109 2
1134138 Q0 6038722 2
1134138 Q0 430794 2
1134138 Q0 1311431 2
1134138 Q0 1311432 2
1134138 Q0 7433465 2
1134138 Q0 7433459 2
1134138 Q0 4367547 2
138632 Q0 6350715 3
138632 Q0 1345752 3
138632 Q0 7719411 2
138632 Q0 2966699 2
138632 Q0 569253 2
138632 Q0 4217237 2
138632 Q0 4000461 1
138632 Q0 7630355 1
138632 Q0 5152933 1
138632 Q0 5943664 1
671071 Q0 2605963 3
671071 Q0 77580 3
671071 Q0 8632272 3
671071 Q0 7615574 3
671071 Q0 8632276 3
671071 Q0 5092547 3
671071 Q0 7615575 2
671071 Q0 3049333 2
671071 Q0 7615582 2
671071 Q0 6562664 2
705609 Q0 3907897 3
705609 Q0 4581768 3
705609 Q0 7674484 3
705609 Q0 1452160 2
705609 Q0 6615196 2
705609 Q0 4136242 2
705609 Q0 5472785 2
705609 Q0 2092610 2
705609 Q0 6565370 2
705609 Q0 4607416 2
1114819 Q0 988373 3
1114819 Q0 5521373 3
1114819 Q0 8022277 3
1114819 Q0 4890560 3
1114819 Q0 1315998 3
1114819 Q0 1724528 3
1114819 Q0 8754404 2
1114819 Q0 1724520 2
1114819 Q0 8115440 2
1114819 Q0 8022279 2
855434 Q0 6991862 3
855434 Q0 6208593 3
855434 Q0 1976652 2
855434 Q0 440062 2
855434 Q0 8304504 2
855434 Q0 4377014 2
855434 Q0 6210425 2
855434 Q0 1990296 2
855434 Q0 8185273 2
855434 Q0 458258 2
1134463 Q0 8138506 3
1134463 Q0 1040028 2
1134463 Q0 5626882 2
1134463 Q0 8138499 1
1134463 Q0 8138507 1
1134463 Q0 8577979 1
1134463 Q0 6835507 1
1134463 Q0 8138503 1
1134463 Q0 8138505 0
1134463 Q0 1040031 0
747511 Q0 8429262 3
747511 Q0 4127316 0
747511 Q0 4127317 0
747511 Q0 8429265 0
747511 Q0 4102922 0
747511 Q0 7218432 0
747511 Q0 8490786 0
747511 Q0 1634142 0
747511 Q0 8429264 0
747511 Q0 1958870 0
502261 Q0 8420334 3
502261 Q0 8420330 3
502261 Q0 8420332 2
502261 Q0 8420329 2
502261 Q0 8420326 2
502261 Q0 1125600 1
502261 Q0 1363478 1
502261 Q0 1587591 1
502261 Q0 8420331 1
502261 Q0 6216989 1
183378 Q0 2533260 3
183378 Q0 8794302 3
183378 Q0 8794308 2
183378 Q0 8779628 2
183378 Q0 2639939 2
183378 Q0 4856305 2
183378 Q0 8794304 2
183378 Q0 1289495 2
183378 Q0 4803850 2
183378 Q0 2089154 2
654723 Q0 4331152 3
654723 Q0 8728630 2
654723 Q0 445075 1
654723 Q0 7780411 1
654723 Q0 5748285 1
654723 Q0 1871268 1
654723 Q0 7692271 1
654723 Q0 3022505 1
654723 Q0 8083900 1
654723 Q0 6061912 1
1117387 Q0 8091236 3
1117387 Q0 5744592 2
1117387 Q0 7170936 2
1117387 Q0 261158 2
1117387 Q0 1410151 2
1117387 Q0 8601196 2
1117387 Q0 261161 2
1117387 Q0 7170931 2
1117387 Q0 261156 2
1117387 Q0 3033235 2
479871 Q0 8440974 3
479871 Q0 8440981 3
479871 Q0 8440980 1
479871 Q0 6886210 1
479871 Q0 6886216 1
479871 Q0 5093584 1
479871 Q0 6468359 0
479871 Q0 8440975 0
479871 Q0 3644351 0
479871 Q0 1484949 0
541571 Q0 4196991 3
541571 Q0 878989 3
541571 Q0 3566492 2
541571 Q0 1272885 2
541571 Q0 878994 2
541571 Q0 2430788 2
541571 Q0 1261068 2
541571 Q0 1867074 2
541571 Q0 2430791 2
541571 Q0 138818 2
1106007 Q0 1334335 3
1106007 Q0 5836920 2
1106007 Q0 7726655 2
1106007 Q0 2143418 1
1106007 Q0 6126194 1
1106007 Q0 5174765 1
1106007 Q0 1530299 1
1106007 Q0 3537614 1
1106007 Q0 5279699 1
1106007 Q0 8204463 1
60235 Q0 1787104 3
60235 Q0 4289596 2
60235 Q0 8310902 2
60235 Q0 4292611 2
60235 Q0 8310900 2
60235 Q0 4289597 2
60235 Q0 2033966 2
60235 Q0 7647373 2
60235 Q0 4291626 2
60235 Q0 8310903 2
180442 Q0 5139590 3
180442 Q0 2784247 3
180442 Q0 5139589 1
180442 Q0 5139591 1
180442 Q0 2784245 1
180442 Q0 1776679 1
180442 Q0 8466413 1
180442 Q0 4501431 0
180442 Q0 94164 0
180442 Q0 2784241 0
710347 Q0 1976092 3
710347 Q0 6264174 3
710347 Q0 6742354 3
710347 Q0 6264170 3
710347 Q0 4327099 2
710347 Q0 4553948 2
710347 Q0 4553943 2
710347 Q0 5722267 2
710347 Q0 8353769 2
710347 Q0 2022387 2
1124210 Q0 8026735 3
1124210 Q0 8026740 3
1124210 Q0 2258595 3
1124210 Q0 2258597 3
1124210 Q0 2494577 2
1124210 Q0 3162331 2
1124210 Q0 8492305 2
1124210 Q0 2258594 2
1124210 Q0 1689639 2
1124210 Q0 8026737 2
287683 Q0 8299551 3
287683 Q0 2500104 0
287683 Q0 6915200 0
287683 Q0 6915201 0
287683 Q0 8299547 0
287683 Q0 6915198 0
287683 Q0 3162044 0
287683 Q0 3162040 0
287683 Q0 3162039 0
287683 Q0 6915202 0
490595 Q0 1929910 3
490595 Q0 7839904 3
490595 Q0 3572695 2
490595 Q0 4842897 2
490595 Q0 1288938 2
490595 Q0 7839906 2
490595 Q0 4737060 2
490595 Q0 8485139 2
490595 Q0 3937200 2
490595 Q0 4737067 2
291865 Q0 351013 3
291865 Q0 3588265 3
291865 Q0 3588264 3
291865 Q0 4573519 2
291865 Q0 683071 2
291865 Q0 2310985 2
291865 Q0 1617275 2
291865 Q0 3308318 2
291865 Q0 7820131 2
291865 Q0 8260118 2
794725 Q0 8771934 3
794725 Q0 8771939 3
794725 Q0 8771940 2
794725 Q0 8771942 2
794725 Q0 5925952 0
794725 Q0 8771941 0
794725 Q0 3058085 0
794725 Q0 2737045 0
794725 Q0 1147809 0
794725 Q0 1147811 0
1103812 Q0 8220089 3
1103812 Q0 8220086 3
1103812 Q0 3672744 2
1103812 Q0 3843263 2
1103812 Q0 8220085 2
1103812 Q0 4824831 2
1103812 Q0 1659850 2
1103812 Q0 4455026 2
1103812 Q0 7206366 2
1103812 Q0 5190505 2
436600 Q0 8473863 3
436600 Q0 2267986 3
436600 Q0 3813285 2
436600 Q0 2498264 2
436600 Q0 7990251 2
436600 Q0 2925061 2
436600 Q0 7990247 2
436600 Q0 4541820 2
436600 Q0 2498267 1
436600 Q0 3050888 1
1047259 Q0 2516631 3
1047259 Q0 3430141 3
1047259 Q0 6936163 3
1047259 Q0 900397 3
1047259 Q0 3430142 3
1047259 Q0 3430136 3
1047259 Q0 6936162 2
1047259 Q0 73659 2
1047259 Q0 8272104 2
1047259 Q0 900401 2
964223 Q0 4368607 3
964223 Q0 6103530 3
964223 Q0 4569464 3
964223 Q0 4835293 3
964223 Q0 2438493 2
964223 Q0 74637 2
964223 Q0 2874598 2
964223 Q0 6466478 2
964223 Q0 2438492 2
964223 Q0 8484204 2
564054 Q0 7241395 3
564054 Q0 541162 3
564054 Q0 7241396 3
564054 Q0 541054 3
564054 Q0 7241398 3
564054 Q0 2815944 3
564054 Q0 541157 3
564054 Q0 1437413 2
564054 Q0 5089066 2
564054 Q0 3957332 2
87181 Q0 7666831 3
87181 Q0 5197135 3
87181 Q0 2986227 3
87181 Q0 47210 2
87181 Q0 2556144 2
87181 Q0 6484578 2
87181 Q0 6521366 2
87181 Q0 8332546 2
87181 Q0 47212 2
87181 Q0 8332547 2
1116052 Q0 8625663 3
1116052 Q0 3528118 3
1116052 Q0 8103712 2
1116052 Q0 8103711 2
1116052 Q0 8103713 2
1116052 Q0 6185151 2
1116052 Q0 22814 2
1116052 Q0 3528109 2
1116052 Q0 8103709 1
1116052 Q0 8103710 1
554515 Q0 8345486 3
554515 Q0 2943195 2
554515 Q0 8345483 1
554515 Q0 8345480 1
554515 Q0 6416206 1
554515 Q0 8345484 1
554515 Q0 3512200 1
554515 Q0 2421342 1
554515 Q0 8465374 1
554515 Q0 8345481 1
443396 Q0 456708 3
443396 Q0 8079046 2
443396 Q0 1465664 2
443396 Q0 3526411 2
443396 Q0 4792650 2
443396 Q0 4792649 2
443396 Q0 3526407 2
443396 Q0 8536118 2
443396 Q0 8079040 2
443396 Q0 4774806 1
1123581 Q0 7064021 3
1123581 Q0 5619095 1
1123581 Q0 3232958 1
1123581 Q0 8509692 1
1123581 Q0 7064018 1
1123581 Q0 1857278 1
1123581 Q0 1303678 1
1123581 Q0 2567940 1
1123581 Q0 5829977 1
1123581 Q0 4117178 1
714453 Q0 3271697 3
714453 Q0 5087833 3
714453 Q0 7555875 3
714453 Q0 7581591 3
714453 Q0 2991383 3
714453 Q0 8537063 3
714453 Q0 8537066 3
714453 Q0 5087828 3
714453 Q0 8645518 3
714453 Q0 2890245 3
972007 Q0 4221450 3
972007 Q0 6497816 2
972007 Q0 8011988 2
972007 Q0 8119173 2
972007 Q0 7258397 2
972007 Q0 2356268 2
972007 Q0 4646626 2
972007 Q0 4221455 1
972007 Q0 4335551 1
972007 Q0 5269896 1
929033 Q0 6314115 3
929033 Q0 5947957 3
929033 Q0 4548811 3
929033 Q0 5139631 2
929033 Q0 4548810 2
929033 Q0 7277387 2
929033 Q0 4740715 2
929033 Q0 1926254 2
929033 Q0 26412 2
929033 Q0 7633901 2
433234 Q0 5367320 3
433234 Q0 5000064 3
433234 Q0 2652646 3
433234 Q0 2870580 3
433234 Q0 3628939 3
433234 Q0 8326919 3
433234 Q0 2870583 2
433234 Q0 4729896 2
433234 Q0 6752711 2
433234 Q0 6548638 2
1121709 Q0 6630430 3
1121709 Q0 669004 3
1121709 Q0 3875032 2
1121709 Q0 16845 2
1121709 Q0 4644464 2
1121709 Q0 3552218 2
1121709 Q0 8049578 2
1121709 Q0 4769720 2
1121709 Q0 3709758 2
1121709 Q0 8049580 2
88073 Q0 4646923 3
88073 Q0 1732916 2
88073 Q0 4181971 2
88073 Q0 7177888 2
88073 Q0 8720919 2
88073 Q0 4181977 2
88073 Q0 2963428 2
88073 Q0 8720917 1
88073 Q0 1795727 1
88073 Q0 4950976 1
87452 Q0 8819111 3
87452 Q0 8333919 3
87452 Q0 186939 3
87452 Q0 8819116 2
87452 Q0 1749882 2
87452 Q0 7965004 1
87452 Q0 6018163 1
87452 Q0 2026777 1
87452 Q0 6042747 1
87452 Q0 7843984 1
1005165 Q0 8211327 3
1005165 Q0 6226570 2
1005165 Q0 8722226 2
1005165 Q0 5343908 1
1005165 Q0 6226567 1
1005165 Q0 3552097 1
1005165 Q0 5343916 1
1005165 Q0 2095590 1
1005165 Q0 2095586 1
1005165 Q0 5337888 1
1133249 Q0 8346450 3
1133249 Q0 7167894 2
1133249 Q0 3698411 2
1133249 Q0 3019349 2
1133249 Q0 3682213 2
1133249 Q0 3433412 2
1133249 Q0 4591414 2
1133249 Q0 7462407 2
1133249 Q0 1487943 2
1133249 Q0 1074202 2
953067 Q0 7109632 3
953067 Q0 7060025 3
953067 Q0 2766309 2
953067 Q0 6251817 2
953067 Q0 3646159 2
953067 Q0 7109633 2
953067 Q0 1252243 2
953067 Q0 8748784 2
953067 Q0 8748785 2
953067 Q0 6656001 2
101169 Q0 1648334 3
101169 Q0 2194351 2
101169 Q0 2802877 2
101169 Q0 5670261 2
101169 Q0 2802879 2
101169 Q0 4535875 2
101169 Q0 1510217 2
101169 Q0 4194383 2
101169 Q0 2527313 2
101169 Q0 8030623 2
855410 Q0 8651775 3
855410 Q0 8651771 2
855410 Q0 8651772 2
855410 Q0 8651776 2
855410 Q0 8651770 1
855410 Q0 1147809 0
855410 Q0 1147811 0
855410 Q0 1147810 0
855410 Q0 5095702 0
855410 Q0 5095701 0
1121276 Q0 8053899 3
1121276 Q0 8053893 2
1121276 Q0 8053891 1
1121276 Q0 1569707 1
1121276 Q0 5594668 1
1121276 Q0 8053898 1
1121276 Q0 4212574 1
1121276 Q0 1569705 0
1121276 Q0 3519772 0
1121276 Q0 2045232 0
1114646 Q0 771368 3
1114646 Q0 8117093 3
1114646 Q0 8117094 2
1114646 Q0 8117087 2
1114646 Q0 6704400 2
1114646 Q0 5417953 1
1114646 Q0 5417954 1
1114646 Q0 7196961 1
1114646 Q0 8117092 1
1114646 Q0 5417952 1
19335 Q0 8412684 3
19335 Q0 7267248 2
19335 Q0 6999135 2
19335 Q0 3175481 2
19335 Q0 1726 2
19335 Q0 527695 2
19335 Q0 527689 2
19335 Q0 1729 2
19335 Q0 6999143 2
19335 Q0 3539483 2
789700 Q0 6939903 3
789700 Q0 4273580 2
789700 Q0 7301424 1
789700 Q0 4273589 1
789700 Q0 6834593 1
789700 Q0 6939899 1
789700 Q0 6939905 1
789700 Q0 6834590 1
789700 Q0 6834596 1
789700 Q0 6939898 1
47923 Q0 5032362 3
47923 Q0 8641107 2
47923 Q0 1681334 2
47923 Q0 8418681 2
47923 Q0 1868437 2
47923 Q0 4297620 1
47923 Q0 6919836 1
47923 Q0 8418683 1
47923 Q0 1681332 1
47923 Q0 5147527 1
301524 Q0 5585186 3
301524 Q0 5585190 3
301524 Q0 3664991 1
301524 Q0 5585184 1
301524 Q0 1825974 1
301524 Q0 3115772 1
301524 Q0 7499913 0
301524 Q0 7499908 0
301524 Q0 6391534 0
301524 Q0 5585187 0
405717 Q0 6654655 3
405717 Q0 7447941 3
405717 Q0 8433858 3
405717 Q0 2365660 2
405717 Q0 4704978 2
405717 Q0 2702419 2
405717 Q0 4828118 2
405717 Q0 5638740 2
405717 Q0 7896211 2
405717 Q0 6786304 2
165633 Q0 8342630 3
165633 Q0 8342625 3
165633 Q0 6160623 1
165633 Q0 5689373 1
165633 Q0 6228229 1
165633 Q0 5689372 1
165633 Q0 6378161 1
165633 Q0 6266751 1
165633 Q0 2091042 1
165633 Q0 5616823 1
952774 Q0 7820863 3
952774 Q0 430162 3
952774 Q0 383713 3
952774 Q0 4557559 2
952774 Q0 1449047 2
952774 Q0 6304505 2
952774 Q0 4573402 2
952774 Q0 6092207 2
952774 Q0 1449055 2
952774 Q0 5496751 2
766511 Q0 73996 3
766511 Q0 73989 2
766511 Q0 4177139 1
766511 Q0 284665 1
766511 Q0 1686104 1
766511 Q0 3081708 1
766511 Q0 8479075 1
766511 Q0 6620365 1
766511 Q0 2653079 1
766511 Q0 4965891 1
1106293 Q0 2309385 3
1106293 Q0 2332862 3
1106293 Q0 8199430 3
1106293 Q0 8196725 3
1106293 Q0 7260300 2
1106293 Q0 2332967 2
1106293 Q0 2309384 2
1106293 Q0 2332861 2
1106293 Q0 8199428 2
1106293 Q0 2332963 2
452431 Q0 5642853 3
452431 Q0 7519416 3
452431 Q0 3399113 2
452431 Q0 2576518 2
452431 Q0 470914 2
452431 Q0 8720583 2
452431 Q0 5621673 2
452431 Q0 938092 2
452431 Q0 2220518 2
452431 Q0 996347 2
1109818 Q0 8164357 3
1109818 Q0 3229195 2
1109818 Q0 1175892 1
1109818 Q0 8164359 1
1109818 Q0 4517902 1
1109818 Q0 8164356 1
1109818 Q0 1575273 1
1109818 Q0 6656339 1
1109818 Q0 2647857 1
1109818 Q0 6830034 1
1047902 Q0 4458875 3
1047902 Q0 819372 3
1047902 Q0 8829164 3
1047902 Q0 4458881 2
1047902 Q0 5321215 2
1047902 Q0 8216248 2
1047902 Q0 3870188 2
1047902 Q0 3969859 2
1047902 Q0 5931023 2
1047902 Q0 4841983 2
306076 Q0 1663914 3
306076 Q0 6414937 3
306076 Q0 6414938 2
306076 Q0 539515 1
306076 Q0 5966396 1
306076 Q0 4143927 1
306076 Q0 6414933 1
306076 Q0 3070844 1
306076 Q0 4143929 1
306076 Q0 5885938 1
551040 Q0 5930515 3
551040 Q0 8632291 2
551040 Q0 5809996 2
551040 Q0 5334406 2
551040 Q0 8088537 2
551040 Q0 5809988 2
551040 Q0 7775211 2
551040 Q0 5334414 2
551040 Q0 331995 2
551040 Q0 1731966 2
1059231 Q0 5062380 3
1059231 Q0 4215155 3
1059231 Q0 2625279 2
1059231 Q0 8232309 2
1059231 Q0 5209990 2
1059231 Q0 2813725 2
1059231 Q0 8328704 1
1059231 Q0 3865940 1
1059231 Q0 4638367 1
1059231 Q0 3301160 1
182539 Q0 57443 3
182539 Q0 57444 3
182539 Q0 57447 2
182539 Q0 7371262 2
182539 Q0 8757178 2
182539 Q0 8757181 1
182539 Q0 2909960 1
182539 Q0 57448 1
182539 Q0 3760957 1
182539 Q0 7579350 1
1115569 Q0 8108289 3
1115569 Q0 8108283 1
1115569 Q0 1627668 0
1115569 Q0 3188923 0
1115569 Q0 383474 0
1115569 Q0 110283 0
1115569 Q0 4042818 0
1115569 Q0 3075948 0
1115569 Q0 1360548 0
1115569 Q0 4303203 0
351697 Q0 8303857 3
351697 Q0 6712600 1
351697 Q0 6349381 1
351697 Q0 5332912 1
351697 Q0 6433264 0
351697 Q0 2156039 0
351697 Q0 5332911 0
351697 Q0 5297449 0
351697 Q0 5297453 0
351697 Q0 7513165 0
904965 Q0 8731393 3
904965 Q0 8731390 2
904965 Q0 8731389 2
904965 Q0 8731395 2
904965 Q0 155518 1
904965 Q0 155522 1
904965 Q0 3883766 1
904965 Q0 3883767 1
904965 Q0 3883762 1
904965 Q0 3883764 1
292906 Q0 8298540 3
292906 Q0 3405923 2
292906 Q0 7254438 1
292906 Q0 4916274 1
292906 Q0 6388785 1
292906 Q0 3973269 1
292906 Q0 8738071 1
292906 Q0 4452123 1
292906 Q0 4711705 1
292906 Q0 3007465 1
662372 Q0 8322043 3
662372 Q0 8610897 2
662372 Q0 1418377 2
662372 Q0 6870165 1
662372 Q0 1140781 1
662372 Q0 8610896 1
662372 Q0 1140788 1
662372 Q0 4629249 1
662372 Q0 3102595 1
662372 Q0 3557820 0
364142 Q0 7804823 3
364142 Q0 8619412 3
364142 Q0 1706891 3
364142 Q0 8652173 2
364142 Q0 6664179 2
364142 Q0 6430556 2
364142 Q0 6032513 2
364142 Q0 8230753 2
364142 Q0 6668055 2
364142 Q0 974291 2
20455 Q0 7190852 3
20455 Q0 1321512 3
20455 Q0 603543 3
20455 Q0 5799889 2
20455 Q0 5799895 2
20455 Q0 2034937 2
20455 Q0 7332885 2
20455 Q0 8378556 2
20455 Q0 8188847 2
20455 Q0 3412005 2
1119058 Q0 55828 3
1119058 Q0 3764709 3
1119058 Q0 7797767 3
1119058 Q0 5377424 3
1119058 Q0 8730930 3
1119058 Q0 5090073 2
1119058 Q0 4522897 2
1119058 Q0 7787026 2
1119058 Q0 8192330 2
1119058 Q0 5810116 2
203318 Q0 8340387 3
203318 Q0 8340382 3
203318 Q0 8340381 3
203318 Q0 8340383 1
203318 Q0 6746282 1
203318 Q0 8340378 1
203318 Q0 8340379 1
203318 Q0 8340385 1
203318 Q0 253950 0
203318 Q0 3609999 0
1126813 Q0 8783942 3
1126813 Q0 8783939 3
1126813 Q0 8783936 3
1126813 Q0 8783941 1
1126813 Q0 1121119 1
1126813 Q0 8783944 1
1126813 Q0 7622796 0
1126813 Q0 3499602 0
1126813 Q0 1121123 0
1126813 Q0 2711708 0
240053 Q0 5492716 3
240053 Q0 3857660 2
240053 Q0 5617191 2
240053 Q0 2652005 1
240053 Q0 5853963 1
240053 Q0 6963592 1
240053 Q0 6963596 1
240053 Q0 3692254 1
240053 Q0 7032844 1
240053 Q0 5657097 1
1115392 Q0 8110047 3
1115392 Q0 8110046 2
1115392 Q0 8110044 1
1115392 Q0 1829917 1
1115392 Q0 5632415 1
1115392 Q0 8069293 1
1115392 Q0 344436 1
1115392 Q0 8110043 1
1115392 Q0 1679429 1
1115392 Q0 2518508 1
1113437 Q0 8128798 3
1113437 Q0 8128790 2
1113437 Q0 6021898 2
1113437 Q0 7618564 2
1113437 Q0 8128796 2
1113437 Q0 4981632 2
1113437 Q0 1066532 1
1113437 Q0 4841345 1
1113437 Q0 4498871 1
1113437 Q0 8128794 1
1122461 Q0 8042589 3
1122461 Q0 4452742 3
1122461 Q0 1311038 3
1122461 Q0 7129660 3
1122461 Q0 4452747 2
1122461 Q0 2043708 2
1122461 Q0 8042581 2
1122461 Q0 4235625 2
1122461 Q0 8042588 2
1122461 Q0 5126003 2
1116341 Q0 8100866 3
1116341 Q0 8100864 3
1116341 Q0 8100865 3
1116341 Q0 501471 1
1116341 Q0 501475 1
1116341 Q0 8100861 1
1116341 Q0 4151583 1
1116341 Q0 5707901 1
1116341 Q0 473175 1
1116341 Q0 2901461 1
1129237 Q0 7911557 3
1129237 Q0 8588222 2
1129237 Q0 2697752 2
1129237 Q0 8588226 1
1129237 Q0 8588219 1
1129237 Q0 2697746 1
1129237 Q0 302210 1
1129237 Q0 1721142 1
1129237 Q0 7874566 1
1129237 Q0 128984 1
912070 Q0 4547349 3
912070 Q0 5058699 3
912070 Q0 4698025 3
912070 Q0 4615448 2
912070 Q0 7771212 2
912070 Q0 5162629 2
912070 Q0 4602328 2
912070 Q0 777849 2
912070 Q0 7230451 2
912070 Q0 5062037 2
278813 Q0 7661107 3
278813 Q0 7477644 3
278813 Q0 3390550 2
278813 Q0 4725529 2
278813 Q0 4725531 2
278813 Q0 3583856 2
278813 Q0 4688509 2
278813 Q0 5504499 2
278813 Q0 3583858 2
278813 Q0 7315877 2
423273 Q0 8547995 3
423273 Q0 2678855 1
423273 Q0 2216493 1
423273 Q0 1038397 1
423273 Q0 1797268 1
423273 Q0 7811681 1
423273 Q0 3321495 1
423273 Q0 3321491 1
423273 Q0 1619237 1
423273 Q0 4224124 1
507445 Q0 8572123 3
507445 Q0 8572129 3
507445 Q0 8572124 3
507445 Q0 7976518 3
507445 Q0 7976517 3
507445 Q0 8572128 3
507445 Q0 8572125 3
507445 Q0 8407104 3
507445 Q0 4054296 2
507445 Q0 4054303 2
25129 Q0 113906 3
25129 Q0 113908 3
25129 Q0 113912 3
25129 Q0 3516517 3
25129 Q0 3033112 3
25129 Q0 113913 3
25129 Q0 2053409 2
25129 Q0 4227849 2
25129 Q0 7447690 2
25129 Q0 1823407 2
146187 Q0 8434623 3
146187 Q0 8434622 2
146187 Q0 8434626 2
146187 Q0 744165 1
146187 Q0 8434619 1
146187 Q0 8434618 0
146187 Q0 744167 0
146187 Q0 8434624 0
146187 Q0 8434620 0
146187 Q0 6430260 0
634428 Q0 5500894 3
634428 Q0 3333800 1
634428 Q0 424034 1
634428 Q0 5500888 1
634428 Q0 7137907 1
634428 Q0 3234659 1
634428 Q0 5230973 1
634428 Q0 1149020 1
634428 Q0 8356959 1
634428 Q0 8189156 1
1121986 Q0 6341415 3
1121986 Q0 919117 3
1121986 Q0 8258784 2
1121986 Q0 5384054 2
1121986 Q0 2978982 2
1121986 Q0 3247905 2
1121986 Q0 2683297 2
1121986 Q0 4239742 2
1121986 Q0 1871868 2
1121986 Q0 5398677 2
321441 Q0 5493499 3
321441 Q0 512872 2
321441 Q0 4527586 2
321441 Q0 696452 2
321441 Q0 491332 2
321441 Q0 8652411 1
321441 Q0 2979998 1
321441 Q0 1812033 1
321441 Q0 2224959 1
321441 Q0 7780747 1
532603 Q0 8522774 3
532603 Q0 8522777 2
532603 Q0 2215319 1
532603 Q0 8522780 0
532603 Q0 8522781 0
532603 Q0 8522775 0
532603 Q0 8522782 0
532603 Q0 7474474 0
532603 Q0 2195904 0
532603 Q0 1204838 0
